15
0.00 2.24 1.41 12.00 12.04 2.83 6.08 12.17 13.60 5.83 8.00 7.07 9.06 13.45 10.05
2.24 0.00 1.00 10.82 13.04 5.00 4.00 13.00 13.42 7.81 6.08 5.00 7.28 13.04 11.40
1.41 1.00 0.00 11.66 13.00 4.24 5.00 13.04 13.89 7.21 7.07 6.00 8.25 13.60 11.18
12.08 10.82 11.66 0.00 12.21 13.34 7.81 11.40 6.71 14.00 5.83 7.21 4.47 5.39 13.00
12.04 13.04 13.00 12.21 0.00 10.44 13.93 1.00 7.07 8.06 13.89 14.32 13.60 8.25 2.83
2.83 5.00 4.24 13.34 10.44 0.00 8.54 10.77 13.45 3.16 10.20 9.49 11.05 13.60 8.06
6.08 4.00 5.00 7.81 13.93 8.54 0.00 13.60 12.17 10.82 2.24 1.00 3.61 11.40 13.04
12.17 13.00 13.04 11.40 1.00 10.77 13.60 0.00 6.08 8.60 13.42 13.93 13.04 7.28 3.61
13.60 13.42 13.89 6.71 7.07 13.45 12.17 6.08 0.00 12.53 11.00 12.04 10.05 1.41 9.06
5.83 7.81 7.21 14.00 8.06 3.16 10.82 8.60 12.53 0.00 12.08 11.66 12.65 13.00 5.39
8.00 6.08 7.07 5.83 13.89 10.20 2.24 13.42 11.00 12.08 0.00 1.41 1.41 10.05 13.45
7.07 5.00 6.00 7.21 14.32 9.49 1.00 13.93 12.04 11.66 1.41 0.00 2.83 11.18 13.60
9.06 7.28 8.25 4.47 13.60 11.05 3.61 13.04 10.05 12.65 1.41 2.83 0.00 9.00 13.45
13.45 13.04 13.60 5.39 8.25 13.60 11.40 7.28 1.41 13.00 10.05 11.18 9.00 0.00 10.00 
10.05 11.40 11.18 13.00 2.83 8.06 13.04 3.61 9.06 5.39 13.45 13.60 13.45 10.00 0.00